<?xml version="1.0"?>
<opencv_storage>
<CameraMatrix type_id="opencv-matrix">
  <rows>3</rows>
  <cols>3</cols>
  <dt>d</dt>
  <data>
    4.8545785224810282e+02 0. 3.2900176516025817e+02 0.
    4.8621994553139490e+02 2.3401580791352535e+02 0. 0. 1.</data></CameraMatrix>
<DistortionCoeffs type_id="opencv-matrix">
  <rows>5</rows>
  <cols>1</cols>
  <dt>d</dt>
  <data>
    -3.3724986809996788e-01 1.0710785483129812e-01
    -3.3674224436783734e-04 -8.1881886205233741e-04
    2.5077439488062365e-02</data></DistortionCoeffs>
</opencv_storage>
