<?xml version="1.0"?>
<opencv_storage>
<CameraMatrix type_id="opencv-matrix">
  <rows>3</rows>
  <cols>3</cols>
  <dt>d</dt>
  <data>
    4.8834401153726446e+02 0. 3.3124918262373922e+02 0.
    4.9054828235272686e+02 2.3112795132150325e+02 0. 0. 1.</data></CameraMatrix>
<DistortionCoeffs type_id="opencv-matrix">
  <rows>5</rows>
  <cols>1</cols>
  <dt>d</dt>
  <data>
    -3.5846025208466442e-01 1.7648401319291460e-01
    -1.2350618782608631e-03 7.1333053722229050e-04
    -4.8024764675455911e-02</data></DistortionCoeffs>
</opencv_storage>
