<?xml version="1.0"?>
<opencv_storage>
<CameraMatrix type_id="opencv-matrix">
  <rows>3</rows>
  <cols>3</cols>
  <dt>d</dt>
  <data>
    4.8750502203120561e+02 0. 3.4550021439504957e+02 0.
    4.8971025486008779e+02 2.4178887568821179e+02 0. 0. 1.</data></CameraMatrix>
<DistortionCoeffs type_id="opencv-matrix">
  <rows>5</rows>
  <cols>1</cols>
  <dt>d</dt>
  <data>
    -3.7457737250543127e-01 2.0735780475257401e-01
    -8.2052543682712906e-04 -1.1205617119592684e-03
    -7.1472688983508295e-02</data></DistortionCoeffs>
</opencv_storage>
